payment,principal,interest,total interest,balance
836.03,217.28,618.75,618.75,164782.72
836.03,218.09,617.94,1236.69,164564.63
836.03,218.91,617.12,1853.81,164345.72
836.03,219.73,616.3,2470.11,164125.99
836.03,220.56,615.47,3085.58,163905.43
836.03,221.38,614.65,3700.23,163684.05
836.03,222.21,613.82,4314.05,163461.84
836.03,223.05,612.98,4927.03,163238.79
836.03,223.88,612.15,5539.18,163014.91
836.03,224.72,611.31,6150.49,162790.19
836.03,225.57,610.46,6760.95,162564.62
836.03,226.41,609.62,7370.57,162338.21
836.03,227.26,608.77,7979.34,162110.95
836.03,228.11,607.92,8587.26,161882.84
836.03,228.97,607.06,9194.32,161653.87
836.03,229.83,606.2,9800.52,161424.04
836.03,230.69,605.34,10405.86,161193.35
836.03,231.55,604.48,11010.34,160961.8
836.03,232.42,603.61,11613.95,160729.38
836.03,233.29,602.74,12216.69,160496.09
836.03,234.17,601.86,12818.55,160261.92
836.03,235.05,600.98,13419.53,160026.87
836.03,235.93,600.1,14019.63,159790.94
836.03,236.81,599.22,14618.85,159554.13
836.03,237.7,598.33,15217.18,159316.43
836.03,238.59,597.44,15814.62,159077.84
836.03,239.49,596.54,16411.16,158838.35
836.03,240.39,595.64,17006.8,158597.96
836.03,241.29,594.74,17601.54,158356.67
836.03,242.19,593.84,18195.38,158114.48
836.03,243.1,592.93,18788.31,157871.38
836.03,244.01,592.02,19380.33,157627.37
836.03,244.93,591.1,19971.43,157382.44
836.03,245.85,590.18,20561.61,157136.59
836.03,246.77,589.26,21150.87,156889.82
836.03,247.69,588.34,21739.21,156642.13
836.03,248.62,587.41,22326.62,156393.51
836.03,249.55,586.48,22913.1,156143.96
836.03,250.49,585.54,23498.64,155893.47
836.03,251.43,584.6,24083.24,155642.04
836.03,252.37,583.66,24666.9,155389.67
836.03,253.32,582.71,25249.61,155136.35
836.03,254.27,581.76,25831.37,154882.08
836.03,255.22,580.81,26412.18,154626.86
836.03,256.18,579.85,26992.03,154370.68
836.03,257.14,578.89,27570.92,154113.54
836.03,258.1,577.93,28148.85,153855.44
836.03,259.07,576.96,28725.81,153596.37
836.03,260.04,575.99,29301.8,153336.33
836.03,261.02,575.01,29876.81,153075.31
836.03,262.0,574.03,30450.84,152813.31
836.03,262.98,573.05,31023.89,152550.33
836.03,263.97,572.06,31595.95,152286.36
836.03,264.96,571.07,32167.02,152021.4
836.03,265.95,570.08,32737.1,151755.45
836.03,266.95,569.08,33306.18,151488.5
836.03,267.95,568.08,33874.26,151220.55
836.03,268.95,567.08,34441.34,150951.6
836.03,269.96,566.07,35007.41,150681.64
836.03,270.97,565.06,35572.47,150410.67
836.03,271.99,564.04,36136.51,150138.68
836.03,273.01,563.02,36699.53,149865.67
836.03,274.03,562.0,37261.53,149591.64
836.03,275.06,560.97,37822.5,149316.58
836.03,276.09,559.94,38382.44,149040.49
836.03,277.13,558.9,38941.34,148763.36
836.03,278.17,557.86,39499.2,148485.19
836.03,279.21,556.82,40056.02,148205.98
836.03,280.26,555.77,40611.79,147925.72
836.03,281.31,554.72,41166.51,147644.41
836.03,282.36,553.67,41720.18,147362.05
836.03,283.42,552.61,42272.79,147078.63
836.03,284.49,551.54,42824.33,146794.14
836.03,285.55,550.48,43374.81,146508.59
836.03,286.62,549.41,43924.22,146221.97
836.03,287.7,548.33,44472.55,145934.27
836.03,288.78,547.25,45019.8,145645.49
836.03,289.86,546.17,45565.97,145355.63
836.03,290.95,545.08,46111.05,145064.68
836.03,292.04,543.99,46655.04,144772.64
836.03,293.13,542.9,47197.94,144479.51
836.03,294.23,541.8,47739.74,144185.28
836.03,295.34,540.69,48280.43,143889.94
836.03,296.44,539.59,48820.02,143593.5
836.03,297.55,538.48,49358.5,143295.95
836.03,298.67,537.36,49895.86,142997.28
836.03,299.79,536.24,50432.1,142697.49
836.03,300.91,535.12,50967.22,142396.58
836.03,302.04,533.99,51501.21,142094.54
836.03,303.18,532.85,52034.06,141791.36
836.03,304.31,531.72,52565.78,141487.05
836.03,305.45,530.58,53096.36,141181.6
836.03,306.6,529.43,53625.79,140875.0
836.03,307.75,528.28,54154.07,140567.25
836.03,308.9,527.13,54681.2,140258.35
836.03,310.06,525.97,55207.17,139948.29
836.03,311.22,524.81,55731.98,139637.07
836.03,312.39,523.64,56255.62,139324.68
836.03,313.56,522.47,56778.09,139011.12
836.03,314.74,521.29,57299.38,138696.38
836.03,315.92,520.11,57819.49,138380.46
836.03,317.1,518.93,58338.42,138063.36
836.03,318.29,517.74,58856.16,137745.07
836.03,319.49,516.54,59372.7,137425.58
836.03,320.68,515.35,59888.05,137104.9
836.03,321.89,514.14,60402.19,136783.01
836.03,323.09,512.94,60915.13,136459.92
836.03,324.31,511.72,61426.85,136135.61
836.03,325.52,510.51,61937.36,135810.09
836.03,326.74,509.29,62446.65,135483.35
836.03,327.97,508.06,62954.71,135155.38
836.03,329.2,506.83,63461.54,134826.18
836.03,330.43,505.6,63967.14,134495.75
836.03,331.67,504.36,64471.5,134164.08
836.03,332.91,503.12,64974.62,133831.17
836.03,334.16,501.87,65476.49,133497.01
836.03,335.42,500.61,65977.1,133161.59
836.03,336.67,499.36,66476.46,132824.92
836.03,337.94,498.09,66974.55,132486.98
836.03,339.2,496.83,67471.38,132147.78
836.03,340.48,495.55,67966.93,131807.3
836.03,341.75,494.28,68461.21,131465.55
836.03,343.03,493.0,68954.21,131122.52
836.03,344.32,491.71,69445.92,130778.2
836.03,345.61,490.42,69936.34,130432.59
836.03,346.91,489.12,70425.46,130085.68
836.03,348.21,487.82,70913.28,129737.47
836.03,349.51,486.52,71399.8,129387.96
836.03,350.83,485.2,71885.0,129037.13
836.03,352.14,483.89,72368.89,128684.99
836.03,353.46,482.57,72851.46,128331.53
836.03,354.79,481.24,73332.7,127976.74
836.03,356.12,479.91,73812.61,127620.62
836.03,357.45,478.58,74291.19,127263.17
836.03,358.79,477.24,74768.43,126904.38
836.03,360.14,475.89,75244.32,126544.24
836.03,361.49,474.54,75718.86,126182.75
836.03,362.84,473.19,76192.05,125819.91
836.03,364.21,471.82,76663.87,125455.7
836.03,365.57,470.46,77134.33,125090.13
836.03,366.94,469.09,77603.42,124723.19
836.03,368.32,467.71,78071.13,124354.87
836.03,369.7,466.33,78537.46,123985.17
836.03,371.09,464.94,79002.4,123614.08
836.03,372.48,463.55,79465.95,123241.6
836.03,373.87,462.16,79928.11,122867.73
836.03,375.28,460.75,80388.86,122492.45
836.03,376.68,459.35,80848.21,122115.77
836.03,378.1,457.93,81306.14,121737.67
836.03,379.51,456.52,81762.66,121358.16
836.03,380.94,455.09,82217.75,120977.22
836.03,382.37,453.66,82671.41,120594.85
836.03,383.8,452.23,83123.64,120211.05
836.03,385.24,450.79,83574.43,119825.81
836.03,386.68,449.35,84023.78,119439.13
836.03,388.13,447.9,84471.68,119051.0
836.03,389.59,446.44,84918.12,118661.41
836.03,391.05,444.98,85363.1,118270.36
836.03,392.52,443.51,85806.61,117877.84
836.03,393.99,442.04,86248.65,117483.85
836.03,395.47,440.56,86689.21,117088.38
836.03,396.95,439.08,87128.29,116691.43
836.03,398.44,437.59,87565.88,116292.99
836.03,399.93,436.1,88001.98,115893.06
836.03,401.43,434.6,88436.58,115491.63
836.03,402.94,433.09,88869.67,115088.69
836.03,404.45,431.58,89301.25,114684.24
836.03,405.96,430.07,89731.32,114278.28
836.03,407.49,428.54,90159.86,113870.79
836.03,409.01,427.02,90586.88,113461.78
836.03,410.55,425.48,91012.36,113051.23
836.03,412.09,423.94,91436.3,112639.14
836.03,413.63,422.4,91858.7,112225.51
836.03,415.18,420.85,92279.55,111810.33
836.03,416.74,419.29,92698.84,111393.59
836.03,418.3,417.73,93116.57,110975.29
836.03,419.87,416.16,93532.73,110555.42
836.03,421.45,414.58,93947.31,110133.97
836.03,423.03,413.0,94360.31,109710.94
836.03,424.61,411.42,94771.73,109286.33
836.03,426.21,409.82,95181.55,108860.12
836.03,427.8,408.23,95589.78,108432.32
836.03,429.41,406.62,95996.4,108002.91
836.03,431.02,405.01,96401.41,107571.89
836.03,432.64,403.39,96804.8,107139.25
836.03,434.26,401.77,97206.57,106704.99
836.03,435.89,400.14,97606.71,106269.1
836.03,437.52,398.51,98005.22,105831.58
836.03,439.16,396.87,98402.09,105392.42
836.03,440.81,395.22,98797.31,104951.61
836.03,442.46,393.57,99190.88,104509.15
836.03,444.12,391.91,99582.79,104065.03
836.03,445.79,390.24,99973.03,103619.24
836.03,447.46,388.57,100361.6,103171.78
836.03,449.14,386.89,100748.49,102722.64
836.03,450.82,385.21,101133.7,102271.82
836.03,452.51,383.52,101517.22,101819.31
836.03,454.21,381.82,101899.04,101365.1
836.03,455.91,380.12,102279.16,100909.19
836.03,457.62,378.41,102657.57,100451.57
836.03,459.34,376.69,103034.26,99992.23
836.03,461.06,374.97,103409.23,99531.17
836.03,462.79,373.24,103782.47,99068.38
836.03,464.52,371.51,104153.98,98603.86
836.03,466.27,369.76,104523.74,98137.59
836.03,468.01,368.02,104891.76,97669.58
836.03,469.77,366.26,105258.02,97199.81
836.03,471.53,364.5,105622.52,96728.28
836.03,473.3,362.73,105985.25,96254.98
836.03,475.07,360.96,106346.21,95779.91
836.03,476.86,359.17,106705.38,95303.05
836.03,478.64,357.39,107062.77,94824.41
836.03,480.44,355.59,107418.36,94343.97
836.03,482.24,353.79,107772.15,93861.73
836.03,484.05,351.98,108124.13,93377.68
836.03,485.86,350.17,108474.3,92891.82
836.03,487.69,348.34,108822.64,92404.13
836.03,489.51,346.52,109169.16,91914.62
836.03,491.35,344.68,109513.84,91423.27
836.03,493.19,342.84,109856.68,90930.08
836.03,495.04,340.99,110197.67,90435.04
836.03,496.9,339.13,110536.8,89938.14
836.03,498.76,337.27,110874.07,89439.38
836.03,500.63,335.4,111209.47,88938.75
836.03,502.51,333.52,111542.99,88436.24
836.03,504.39,331.64,111874.63,87931.85
836.03,506.29,329.74,112204.37,87425.56
836.03,508.18,327.85,112532.22,86917.38
836.03,510.09,325.94,112858.16,86407.29
836.03,512.0,324.03,113182.19,85895.29
836.03,513.92,322.11,113504.3,85381.37
836.03,515.85,320.18,113824.48,84865.52
836.03,517.78,318.25,114142.73,84347.74
836.03,519.73,316.3,114459.03,83828.01
836.03,521.67,314.36,114773.39,83306.34
836.03,523.63,312.4,115085.79,82782.71
836.03,525.59,310.44,115396.23,82257.12
836.03,527.57,308.46,115704.69,81729.55
836.03,529.54,306.49,116011.18,81200.01
836.03,531.53,304.5,116315.68,80668.48
836.03,533.52,302.51,116618.19,80134.96
836.03,535.52,300.51,116918.7,79599.44
836.03,537.53,298.5,117217.2,79061.91
836.03,539.55,296.48,117513.68,78522.36
836.03,541.57,294.46,117808.14,77980.79
836.03,543.6,292.43,118100.57,77437.19
836.03,545.64,290.39,118390.96,76891.55
836.03,547.69,288.34,118679.3,76343.86
836.03,549.74,286.29,118965.59,75794.12
836.03,551.8,284.23,119249.82,75242.32
836.03,553.87,282.16,119531.98,74688.45
836.03,555.95,280.08,119812.06,74132.5
836.03,558.03,278.0,120090.06,73574.47
836.03,560.13,275.9,120365.96,73014.34
836.03,562.23,273.8,120639.76,72452.11
836.03,564.33,271.7,120911.46,71887.78
836.03,566.45,269.58,121181.04,71321.33
836.03,568.58,267.45,121448.49,70752.75
836.03,570.71,265.32,121713.81,70182.04
836.03,572.85,263.18,121976.99,69609.19
836.03,575.0,261.03,122238.02,69034.19
836.03,577.15,258.88,122496.9,68457.04
836.03,579.32,256.71,122753.61,67877.72
836.03,581.49,254.54,123008.15,67296.23
836.03,583.67,252.36,123260.51,66712.56
836.03,585.86,250.17,123510.68,66126.7
836.03,588.05,247.98,123758.66,65538.65
836.03,590.26,245.77,124004.43,64948.39
836.03,592.47,243.56,124247.99,64355.92
836.03,594.7,241.33,124489.32,63761.22
836.03,596.93,239.1,124728.42,63164.29
836.03,599.16,236.87,124965.29,62565.13
836.03,601.41,234.62,125199.91,61963.72
836.03,603.67,232.36,125432.27,61360.05
836.03,605.93,230.1,125662.37,60754.12
836.03,608.2,227.83,125890.2,60145.92
836.03,610.48,225.55,126115.75,59535.44
836.03,612.77,223.26,126339.01,58922.67
836.03,615.07,220.96,126559.97,58307.6
836.03,617.38,218.65,126778.62,57690.22
836.03,619.69,216.34,126994.96,57070.53
836.03,622.02,214.01,127208.97,56448.51
836.03,624.35,211.68,127420.65,55824.16
836.03,626.69,209.34,127629.99,55197.47
836.03,629.04,206.99,127836.98,54568.43
836.03,631.4,204.63,128041.61,53937.03
836.03,633.77,202.26,128243.87,53303.26
836.03,636.14,199.89,128443.76,52667.12
836.03,638.53,197.5,128641.26,52028.59
836.03,640.92,195.11,128836.37,51387.67
836.03,643.33,192.7,129029.07,50744.34
836.03,645.74,190.29,129219.36,50098.6
836.03,648.16,187.87,129407.23,49450.44
836.03,650.59,185.44,129592.67,48799.85
836.03,653.03,183.0,129775.67,48146.82
836.03,655.48,180.55,129956.22,47491.34
836.03,657.94,178.09,130134.31,46833.4
836.03,660.4,175.63,130309.94,46173.0
836.03,662.88,173.15,130483.09,45510.12
836.03,665.37,170.66,130653.75,44844.75
836.03,667.86,168.17,130821.92,44176.89
836.03,670.37,165.66,130987.58,43506.52
836.03,672.88,163.15,131150.73,42833.64
836.03,675.4,160.63,131311.36,42158.24
836.03,677.94,158.09,131469.45,41480.3
836.03,680.48,155.55,131625.0,40799.82
836.03,683.03,153.0,131778.0,40116.79
836.03,685.59,150.44,131928.44,39431.2
836.03,688.16,147.87,132076.31,38743.04
836.03,690.74,145.29,132221.6,38052.3
836.03,693.33,142.7,132364.3,37358.97
836.03,695.93,140.1,132504.4,36663.04
836.03,698.54,137.49,132641.89,35964.5
836.03,701.16,134.87,132776.76,35263.34
836.03,703.79,132.24,132909.0,34559.55
836.03,706.43,129.6,133038.6,33853.12
836.03,709.08,126.95,133165.55,33144.04
836.03,711.74,124.29,133289.84,32432.3
836.03,714.41,121.62,133411.46,31717.89
836.03,717.09,118.94,133530.4,31000.8
836.03,719.78,116.25,133646.65,30281.02
836.03,722.48,113.55,133760.2,29558.54
836.03,725.19,110.84,133871.04,28833.35
836.03,727.9,108.13,133979.17,28105.45
836.03,730.63,105.4,134084.57,27374.82
836.03,733.37,102.66,134187.23,26641.45
836.03,736.12,99.91,134287.14,25905.33
836.03,738.89,97.14,134384.28,25166.44
836.03,741.66,94.37,134478.65,24424.78
836.03,744.44,91.59,134570.24,23680.34
836.03,747.23,88.8,134659.04,22933.11
836.03,750.03,86.0,134745.04,22183.08
836.03,752.84,83.19,134828.23,21430.24
836.03,755.67,80.36,134908.59,20674.57
836.03,758.5,77.53,134986.12,19916.07
836.03,761.34,74.69,135060.81,19154.73
836.03,764.2,71.83,135132.64,18390.53
836.03,767.07,68.96,135201.6,17623.46
836.03,769.94,66.09,135267.69,16853.52
836.03,772.83,63.2,135330.89,16080.69
836.03,775.73,60.3,135391.19,15304.96
836.03,778.64,57.39,135448.58,14526.32
836.03,781.56,54.47,135503.05,13744.76
836.03,784.49,51.54,135554.59,12960.27
836.03,787.43,48.6,135603.19,12172.84
836.03,790.38,45.65,135648.84,11382.46
836.03,793.35,42.68,135691.52,10589.11
836.03,796.32,39.71,135731.23,9792.79
836.03,799.31,36.72,135767.95,8993.48
836.03,802.3,33.73,135801.68,8191.18
836.03,805.31,30.72,135832.4,7385.87
836.03,808.33,27.7,135860.1,6577.54
836.03,811.36,24.67,135884.77,5766.18
836.03,814.41,21.62,135906.39,4951.77
836.03,817.46,18.57,135924.96,4134.31
836.03,820.53,15.5,135940.46,3313.78
836.03,823.6,12.43,135952.89,2490.18
836.03,826.69,9.34,135962.23,1663.49
836.03,829.79,6.24,135968.47,833.7
836.03,832.9,3.13,135971.6,0.8
